1 F2
9       -1.931096500     -0.123022884     -1.222793602
9       -1.912756668      0.587996841      0.996639517

2 Cl2
17       -1.931096500     -0.123022884     -1.222793602
17       -1.912756668      0.587996841      0.996639517

3 Br2
35       -1.931096500     -0.123022884     -1.222793602
35       -1.912756668      0.587996841      0.996639517

4 I2
53      -0.486262000     -0.216503000     -2.149462000
53      -0.659250000      0.306543000      1.971763000

5 (NO2)2
7       -0.962586309     -0.558592595     -1.520647829
8       -2.161239309     -0.530060595     -1.763486829
8       -0.150774309     -0.997898595     -2.331101829
7       -1.270778309      0.731053405      1.179613171
8       -1.988764309      1.698158405      0.969302171
8       -1.181307309      0.227130405      2.297761171

6 (COF)2
6       -0.907181188     -0.560694933     -1.616971544
8       -1.850990188     -0.310843933     -2.295357544
6       -1.476152188      0.138711067      1.359973456
8       -2.646204188      0.333268067      1.444233456
9       -0.006371188     -1.497684933     -2.166700544
9       -0.805604188     -0.015534933      2.590118456

7 (CN)2
6       -0.744465000     -1.472471000     -0.632850000
7       -1.297719000     -2.400154000     -1.060019000
6       -0.782977000      1.333150000      0.581016000
7       -1.357991000      2.269585000      0.957343000

8 (OCN)2
8       -1.216942954     -0.077743510     -1.323525824
8       -0.975858954      0.414714490      1.371465176
6       -2.133771954      0.637917490      1.794101176
7       -3.195002954      0.857666490      2.224361176
6       -2.438925954     -0.159858510     -1.584561824
7       -3.566685954     -0.241898510     -1.869583824

9 (C5F5)2
6       -2.319756754      1.070451291     -0.780106231
6       -2.297204024      2.419603074     -0.452936396
6       -3.513094829      0.618255036     -1.328847479
6       -3.373925135      3.282490784     -0.641488585
6       -4.620423221      1.433892028     -1.547345073
6       -4.545342959      2.778476185     -1.197175761
6       -2.491098012     -1.217205405      0.215498861
6       -2.635595307     -2.214591713     -0.740070970
6       -3.634424130     -0.951671813      0.960072612
6       -3.820962910     -2.909670413     -0.966866155
6       -4.845557828     -1.615550593      0.782579059
6       -4.935065268     -2.603759556     -0.192685295
9       -1.540560698     -2.496015359     -1.469541410
9       -3.815600850     -4.005112515     -1.720880922
9       -6.034478165     -3.338685826     -0.293098884
9       -5.818093253     -1.475732564      1.678858474
9       -3.524745671      0.005913560      1.893614161
9       -3.563520726     -0.682714652     -1.653699696
9       -5.633085202      0.995562780     -2.289950435
9       -1.149815586      2.881498825      0.074566122
9       -3.198877314      4.596876806     -0.537782749
9       -5.542755884      3.599189102     -1.499162492

10 F3
9       -1.652608447     -1.427453197     -1.137086485
9       -1.759920157     -0.781799076      1.543605691
9       -2.103050091      1.171963061     -0.454450805

11 Cl3
17      -1.652608447     -1.427453197     -1.137086485
17      -1.759920157     -0.781799076      1.543605691
17      -2.103050091      1.171963061     -0.454450805

12 Br3
35      -1.652608447     -1.427453197     -1.137086485
35      -1.759920157     -0.781799076      1.543605691
35      -2.103050091      1.171963061     -0.454450805

13 I3
53      -1.652608447     -1.427453197     -1.137086485
53      -1.759920157     -0.781799076      1.543605691
53      -2.103050091      1.171963061     -0.454450805

14 (NO2)3
8       -1.015996985      1.178757934     -2.289513342
7       -1.901177304      1.096021331     -1.441884517
8       -2.213654802      2.218035226     -1.067723455
7       -1.830062933      0.789390965      1.331459583
8       -2.183108956      1.940968299      1.117492253
8       -2.784082750      0.140160244      1.752422559
8       -2.975246642     -1.252285855      0.139740439
7       -1.776909244     -1.221761427     -0.128438437
8       -1.164706912     -1.931258499      0.657930485

15 (COF)3
6       -2.108884245      1.351093776      0.180412908
8       -1.627993418      2.270159380     -0.267875423
6       -1.580830037     -0.567566654      1.770906661
8       -0.779962114     -0.587042299      2.567857895
9       -3.444586614      1.370900774      0.526688614
9       -2.819844316     -1.119731392      2.024594896
6       -1.649036868     -0.978433718     -0.742262750
9       -1.736348098     -0.568671254     -2.057128322
8       -1.878081177     -2.050490564     -0.468159075

16 (CN)3
6       -1.820299098      0.249764386     -1.449312458
7       -2.207188171      0.435486622     -2.527006336
6       -1.820000000      1.130276068      0.941103613
7       -2.206666667      1.970737759      1.640898607
6       -1.819738363     -1.380315678      0.508134491
7       -2.206210480     -2.406704260      0.885978088

17 (OCN)3
8       -1.753333333      1.103173001     -0.653527520
8       -1.753178902      0.014435266      1.282193630
6       -2.502260279     -1.188045356      1.540103390
7       -3.105686944     -2.156710301      1.747864031
6       -2.244443126      1.878736278      0.150035032
7       -2.763731350      2.698799088      0.999703631
8       -1.753369945     -1.117464912     -0.628751035
6       -2.966809557     -1.057508574     -0.739969492
7       -4.249872753     -0.994112119     -0.857569336

18 (C6F5)3
6       -1.819946421     -0.466617247     -1.394820441
6       -2.879168339      0.198674535     -1.999448632
6       -1.622782267     -1.778978921     -1.806186651
6       -3.699030209     -0.390924147     -2.958974876
6       -2.411641522     -2.416619784     -2.756712480
6       -3.458816389     -1.707484040     -3.337999074
6       -1.930229832     -1.181201219      1.335020904
6       -2.990430853     -2.036151154      1.061735166
6       -1.730391082     -0.882884600      2.677249356
6       -3.807803678     -2.574071220      2.053331235
6       -2.518043476     -1.386978227      3.705703565
6       -3.566944901     -2.243302652      3.382760096
6       -1.820053579      1.441221435      0.293300275
6       -1.592413724      2.461296970     -0.621681391
6       -2.901593311      1.629521300      1.144303981
6       -2.369195968      3.611381608     -0.704130364
6       -3.710512912      2.762917174      1.107753481
6       -3.438255744      3.758430776      0.175213449
9       -3.102323358      1.503239734     -1.608665471
9       -4.858697438      0.241525872     -3.358448144
9       -4.302303479     -2.332784610     -4.233503807
9       -1.995933198     -3.610568301     -3.309951605
9       -0.574588939     -2.453799090     -1.214318010
9       -3.217539407     -2.346995930     -0.263480752
9       -4.965463515     -3.240560796      1.706898924
9       -4.732173342     -1.781707121      3.960317232
9       -2.443168728     -0.832821845      4.967331274
9       -0.680448212     -0.034654362      2.964521759
9       -3.159177018      0.627111427      2.057115616
9       -4.889247681      2.792831430      1.824753818
9       -4.269640886      4.855238639      0.074162692
9       -1.925308023      4.692709223     -1.437679328
9       -0.525977110      2.285956495     -1.479800652

19 (F5)
9       -1.173308135     -1.286267462      0.139517695
9       -1.047557792     -0.199045805     -1.259624428
9       -1.089033167      1.236856227     -0.340117139
9       -2.574502962      0.071741072     -0.245958165
9       -1.224278391      0.307463198      1.260845994

20 (Cl)5
17       -1.173308135     -1.286267462      0.139517695
17       -1.047557792     -0.199045805     -1.259624428
17       -1.089033167      1.236856227     -0.340117139
17       -2.574502962      0.071741072     -0.245958165
17       -1.224278391      0.307463198      1.260845994

21 Br5
35      -1.300000000     -0.667610068      1.746767528
35      -1.300000000     -1.753486416     -0.649757947
35      -1.300000000      0.698067212     -1.734820500
35      -3.147029448      0.207219022      0.206015764
35      -1.300000000      1.731329697      0.706680607

22 I5
53      -1.300000000     -0.667610068      1.746767528
53      -1.300000000     -1.753486416     -0.649757947
53      -1.300000000      0.698067212     -1.734820500
53      -3.147029448      0.207219022      0.206015764
53      -1.300000000      1.731329697      0.706680607

23 (NO2)5
7       -1.300000000      1.243234321      1.022970392
8       -2.345914601      1.278099573      1.610207194
8       -1.124370546      2.443429522      0.304092256
7       -1.300000000      0.824292731     -1.382982825
8       -2.305164010      0.583077711     -1.992458524
8       -1.237798892      2.205592743     -1.106864554
7       -1.300000000     -1.384997518     -0.820903085
8       -1.036478306     -1.168137929     -1.971350057
8       -2.574399925     -1.982199794     -0.735146041
7       -2.875310646     -0.318276440     -0.095898265
8       -3.607487980      0.875053158      0.071376431
8       -3.166488224     -0.875348225     -1.358034012
7       -1.300000000     -0.807642217      1.392772074
8       -2.365914843     -1.336372954      1.548558321
8       -1.059634648      0.087588567      2.455262705

25 (CN)5
6       -1.366849368     -1.474195085      0.499492373
7       -1.416558483     -2.571897876      0.871214832
6       -1.297607843      0.313837930      1.528107844
7       -1.295829671      0.545698151      2.664698217
6       -1.302389361     -0.262696315     -1.537783468
7       -1.304365858     -0.481601231     -2.809072865
6       -2.164905295      0.002291346      0.000888736
7       -3.454903779      0.002687241      0.002826151
6       -1.233148989      1.478246904     -0.500312861
7       -1.183439873      2.575949695     -0.872035319

26 (OCN)5
8       -2.610233735      0.000000000      0.000000000
8       -1.300000000      1.127244990     -0.703578460
6       -2.657495431      1.523767394     -0.974827681
7       -3.754181109      1.844107655     -1.193962954
6       -3.090233735     -0.378725743     -1.303751054
7       -3.478013402     -0.684688539     -2.357018032
8       -1.275523798      0.635138875      0.990248924
6       -2.620576666      0.976148148      1.375145607
7       -3.707210317      1.251640778      1.686093748
8       -1.300000000     -1.479482913      0.923430416
6       -2.620864709     -1.720485046      1.443847931
7       -3.687957369     -1.915184476      1.864279871
8       -1.507543245     -0.768806256     -1.338261228
6       -1.774015566     -1.896660308     -1.107359758
7       -2.036350986     -3.007004773     -0.880042963






